4005.346680	1589.60168457031
4006.594482	1585.7236328125
4007.842529	1581.84106445313
4009.090332	1577.95385742188
4010.338135	1574.06201171875
4011.585938	1570.16589355469
4012.833740	1566.26538085938
4014.081543	1562.36059570313
4015.329346	1558.45190429688
4016.577148	1554.5390625
4017.825195	1550.62219238281
4019.072998	1546.70153808594
4020.320801	1542.77709960938
4021.568604	1538.84924316406
4022.816406	1534.91796875
4024.064209	1530.98327636719
4025.312012	1527.04541015625
4026.560059	1523.10461425781
4027.807861	1519.16076660156
4029.055664	1515.21411132813
4030.303467	1511.26513671875
4031.551270	1507.3134765625
4032.799072	1503.35949707031
4034.046875	1499.40356445313
4035.294922	1495.44580078125
4036.542725	1491.48620605469
4037.790527	1487.52490234375
4039.038330	1483.56225585938
4040.286133	1479.59826660156
4041.533936	1475.63330078125
4042.781738	1471.66760253906
4044.029541	1467.70092773438
4045.277588	1463.73388671875
4046.525391	1459.76635742188
4047.773193	1455.79846191406
4049.020996	1451.83056640625
4050.268799	1447.86267089844
4051.516602	1443.89514160156
4052.764404	1439.92797851563
4054.012451	1435.96166992188
4055.260254	1431.99621582031
4056.508057	1428.03149414063
4057.755859	1424.06787109375
4059.003662	1420.10595703125
4060.251465	1416.14514160156
4061.499268	1412.18627929688
4062.747070	1408.22924804688
4063.995117	1404.27416992188
4065.242920	1400.3212890625
4066.490723	1396.37084960938
4067.738525	1392.42297363281
4068.986328	1388.47766113281
4070.234131	1384.53552246094
4071.481934	1380.59643554688
4072.729980	1376.66064453125
4073.977783	1372.72814941406
4075.225586	1368.79956054688
4076.473389	1364.87451171875
4077.721191	1360.95349121094
4078.968994	1357.03674316406
4080.216797	1353.12451171875
4081.464844	1349.21691894531
4082.712646	1345.31384277344
4083.960449	1341.41577148438
4085.208252	1337.52258300781
4086.456055	1333.63488769531
4087.703857	1329.75256347656
4088.951660	1325.8759765625
4090.199463	1322.00524902344
4091.447510	1318.14074707031
4092.695313	1314.28210449219
4093.943115	1310.43029785156
4095.190918	1306.58459472656
4096.438965	1302.74609375
4097.686523	1298.91442871094
4098.934570	1295.08996582031
4100.182129	1291.27258300781
4101.430176	1287.46325683594
4102.677734	1283.66125488281
4103.925781	1279.86743164063
4105.173828	1276.08166503906
4106.421387	1272.30407714844
4107.669434	1268.53515625
4108.916992	1264.77478027344
4110.165039	1261.02355957031
4111.412598	1257.28125
4112.660645	1253.54821777344
4113.908691	1249.82482910156
4115.156250	1246.11096191406
4116.404297	1242.4072265625
4117.651855	1238.71301269531
4118.899902	1235.02954101563
4120.147461	1231.35632324219
4121.395508	1227.69396972656
4122.643066	1224.04211425781
4123.891113	1220.40197753906
4125.139160	1216.77282714844
4126.386719	1213.15490722656
4127.634766	1209.548828125
4128.882324	1205.95446777344
4130.130371	1202.37255859375
4131.377930	1198.80236816406
4132.625977	1195.24499511719
4133.874023	1191.70043945313
4135.121582	1188.16857910156
4136.369629	1184.64978027344
4137.617188	1181.14428710938
4138.865234	1177.65258789063
4140.112793	1174.17419433594
4141.360840	1170.7099609375
4142.608887	1167.259765625
4143.856445	1163.82385253906
4145.104492	1160.40258789063
4146.352051	1156.99597167969
4147.600098	1153.60437011719
4148.847656	1150.22790527344
4150.095703	1146.86694335938
4151.343750	1143.52136230469
4152.591309	1140.19165039063
4153.839355	1136.87829589844
4155.086914	1133.58068847656
4156.334961	1130.2998046875
4157.582520	1127.03552246094
4158.830566	1123.78820800781
4160.078613	1120.55773925781
4161.326172	1117.34460449219
4162.574219	1114.1494140625
4163.821777	1110.97143554688
4165.069824	1107.8115234375
4166.317383	1104.66967773438
4167.565430	1101.54650878906
4168.812988	1098.44140625
4170.061035	1095.35510253906
4171.309082	1092.28771972656
4172.556641	1089.23901367188
4173.804688	1086.20935058594
4175.052246	1083.19885253906
4176.300293	1080.20788574219
4177.547852	1077.23559570313
4178.795898	1074.28283691406
4180.043945	1071.349609375
4181.291504	1068.435546875
4182.539551	1065.54125976563
4183.787109	1062.66589355469
4185.035156	1059.810546875
4186.282715	1056.97436523438
4187.530762	1054.15783691406
4188.778809	1051.36071777344
4190.026367	1048.58276367188
4191.274414	1045.82470703125
4192.521973	1043.08544921875
4193.770020	1040.36584472656
4195.017578	1037.66552734375
4196.265625	1034.98425292969
4197.513672	1032.32238769531
4198.761230	1029.67932128906
4200.009277	1027.05590820313
4201.256836	1024.45080566406
4202.504883	1021.86499023438
4203.752441	1019.2978515625
4205.000488	1016.74987792969
4206.248535	1014.22015380859
4207.496094	1011.70874023438
4208.744141	1009.21630859375
4209.991699	1006.74200439453
4211.239746	1004.28576660156
4212.487305	1001.84747314453
4213.735352	999.427673339844
4214.982910	997.025207519531
4216.230957	994.640808105469
4217.479004	992.274047851563
4218.726563	989.924560546875
4219.974609	987.592346191406
4221.222168	985.277099609375
4222.470215	982.979309082031
4223.717773	980.6982421875
4224.965820	978.433837890625
4226.213867	976.186279296875
4227.461426	973.954833984375
4228.709473	971.740173339844
4229.957031	969.541076660156
4231.205078	967.358154296875
4232.452637	965.191101074219
4233.700684	963.039672851563
4234.948730	960.903625488281
4236.196289	958.782775878906
4237.444336	956.677490234375
4238.691895	954.586486816406
4239.939941	952.510681152344
4241.187500	950.449279785156
4242.435547	948.402648925781
4243.683594	946.370056152344
4244.931152	944.351257324219
4246.179199	942.3466796875
4247.426758	940.355773925781
4248.674805	938.37841796875
4249.922363	936.414367675781
4251.170410	934.463928222656
4252.418457	932.526428222656
4253.666016	930.601623535156
4254.914063	928.689880371094
4256.161621	926.790588378906
4257.409668	924.903930664063
4258.657227	923.029296875
4259.905273	921.167114257813
4261.152832	919.316772460938
4262.400879	917.478576660156
4263.648926	915.652038574219
4264.896484	913.836975097656
4266.144531	912.033752441406
4267.392090	910.241455078125
4268.640137	908.460754394531
4269.887695	906.691040039063
4271.135742	904.932189941406
4272.383789	903.184204101563
4273.631348	901.446838378906
4274.879395	899.720458984375
4276.126953	898.003967285156
4277.375000	896.298217773438
4278.622559	894.602478027344
4279.870605	892.917114257813
4281.118652	891.241760253906
4282.366211	889.576110839844
4283.614258	887.920532226563
4284.861816	886.274536132813
4286.109863	884.638366699219
4287.357422	883.011474609375
4288.605469	881.394409179688
4289.853516	879.78662109375
4291.101074	878.187866210938
4292.349121	876.598815917969
4293.596680	875.018676757813
4294.844727	873.447692871094
4296.092285	871.885620117188
4297.340332	870.332641601563
4298.587891	868.788635253906
4299.835938	867.253356933594
4301.083984	865.726928710938
4302.331543	864.208923339844
4303.579590	862.699951171875
4304.827148	861.199035644531
4306.075195	859.706970214844
4307.322754	858.223083496094
4308.570801	856.747680664063
4309.818848	855.280456542969
4311.066406	853.821228027344
4312.314453	852.370422363281
4313.562012	850.927307128906
4314.810059	849.492431640625
4316.057617	848.065185546875
4317.305664	846.646057128906
4318.553711	845.234619140625
4319.801270	843.830505371094
4321.049316	842.434204101563
4322.296875	841.045349121094
4323.544922	839.6640625
4324.792480	838.289978027344
4326.040527	836.923461914063
4327.288574	835.564025878906
4328.536133	834.211547851563
4329.784180	832.866333007813
4331.031738	831.528015136719
4332.279785	830.196655273438
4333.527344	828.871948242188
4334.775391	827.554260253906
4336.023438	826.243408203125
4337.270996	824.938598632813
4338.519043	823.640686035156
4339.766602	822.348999023438
4341.014648	821.064086914063
4342.262207	819.784912109375
4343.510254	818.512390136719
4344.757813	817.245849609375
4346.005859	815.985473632813
4347.253906	814.73095703125
4348.501465	813.482299804688
4349.749512	812.239685058594
4350.997070	811.002563476563
4352.245117	809.771240234375
4353.492676	808.545288085938
4354.740723	807.3251953125
4355.988770	806.110412597656
4357.236328	804.900634765625
4358.484375	803.696533203125
4359.731934	802.497436523438
4360.979980	801.303405761719
4362.227539	800.114379882813
4363.475586	798.930541992188
4364.723633	797.751403808594
4365.971191	796.576843261719
4367.219238	795.4072265625
4368.466797	794.242065429688
4369.714844	793.08154296875
4370.962402	791.925170898438
4372.210449	790.773498535156
4373.458496	789.626159667969
4374.706055	788.482666015625
4375.954102	787.343444824219
4377.201660	786.208129882813
4378.449707	785.077026367188
4379.697266	783.949462890625
4380.945313	782.825805664063
4382.193359	781.706115722656
4383.440918	780.589538574219
4384.688965	779.476684570313
4385.936523	778.367126464844
4387.184570	777.26123046875
4388.432129	776.158203125
4389.680176	775.058532714844
4390.927734	773.961791992188
4392.175781	772.868347167969
4393.423828	771.777648925781
4394.671387	770.689636230469
4395.919434	769.6044921875
4397.166992	768.52197265625
4398.415039	767.442016601563
4399.662598	766.364440917969
4400.910645	765.28955078125
4402.158691	764.216918945313
4403.406250	763.146240234375
4404.654297	762.078125
4405.901855	761.011962890625
4407.149902	759.947875976563
4408.397461	758.8857421875
4409.645508	757.825622558594
4410.893555	756.767700195313
4412.141113	755.711059570313
4413.389160	754.656433105469
4414.636719	753.603454589844
4415.884766	752.552490234375
4417.132324	751.502624511719
4418.380371	750.454711914063
4419.628418	749.408447265625
4420.875977	748.36328125
4422.124023	747.319763183594
4423.371582	746.277587890625
4424.619629	745.236999511719
4425.867188	744.197387695313
4427.115234	743.159240722656
4428.363281	742.122497558594
4429.610840	741.0869140625
4430.858887	740.052551269531
4432.106445	739.019226074219
4433.354492	737.9873046875
4434.602051	736.95654296875
4435.850098	735.927001953125
4437.097656	734.8984375
4438.345703	733.871398925781
4439.593750	732.845336914063
4440.841309	731.8203125
4442.089355	730.796630859375
4443.336914	729.774108886719
4444.584961	728.752746582031
4445.832520	727.732421875
4447.080566	726.713562011719
4448.328613	725.696044921875
4449.576172	724.679321289063
4450.824219	723.664123535156
4452.071777	722.650024414063
4453.319824	721.637573242188
4454.567383	720.626037597656
4455.815430	719.616027832031
4457.063477	718.607482910156
4458.311035	717.599914550781
4459.559082	716.593872070313
4460.806641	715.588989257813
4462.054688	714.585998535156
4463.302246	713.583984375
4464.550293	712.583618164063
4465.798340	711.584777832031
4467.045898	710.587341308594
4468.293945	709.591491699219
4469.541504	708.596984863281
4470.789551	707.604370117188
4472.037109	706.613342285156
4473.285156	705.623962402344
4474.533203	704.636291503906
4475.780762	703.650207519531
4477.028809	702.665893554688
4478.276367	701.68310546875
4479.524414	700.702209472656
4480.771973	699.723022460938
4482.020020	698.745544433594
4483.267578	697.769592285156
4484.515625	696.795654296875
4485.763672	695.823425292969
4487.011230	694.852661132813
4488.259277	693.883728027344
4489.506836	692.916259765625
4490.754883	691.950805664063
4492.002441	690.986572265625
4493.250488	690.024291992188
4494.498535	689.063659667969
4495.746094	688.104248046875
4496.994141	687.146606445313
4498.241699	686.1904296875
4499.489746	685.236022949219
4500.737305	684.282836914063
4501.985352	683.331420898438
4503.233398	682.381469726563
4504.480957	681.432983398438
4505.729004	680.486083984375
4506.976563	679.540405273438
4508.224609	678.596435546875
4509.472168	677.653869628906
4510.720215	676.712829589844
4511.968262	675.773193359375
4513.215820	674.834838867188
4514.463867	673.89794921875
4515.711426	672.962280273438
4516.959473	672.028198242188
4518.207031	671.095397949219
4519.455078	670.163940429688
4520.703125	669.23388671875
4521.950684	668.304870605469
4523.198730	667.377563476563
4524.446289	666.451110839844
4525.694336	665.526184082031
4526.941895	664.602355957031
4528.189941	663.680053710938
4529.437500	662.758666992188
4530.685547	661.838806152344
4531.933594	660.920166015625
4533.181152	660.002502441406
4534.429199	659.086181640625
4535.676758	658.170959472656
4536.924805	657.257202148438
4538.172363	656.34423828125
4539.420410	655.432739257813
4540.668457	654.5224609375
4541.916016	653.613342285156
4543.164063	652.705444335938
4544.411621	651.798645019531
4545.659668	650.893249511719
4546.907227	649.989013671875
4548.155273	649.086059570313
4549.403320	648.184326171875
4550.650879	647.283752441406
4551.898926	646.384582519531
4553.146484	645.486389160156
4554.394531	644.589721679688
4555.642090	643.694274902344
4556.890137	642.799987792969
4558.138184	641.907043457031
4559.385742	641.015197753906
4560.633789	640.124877929688
4561.881348	639.235473632813
4563.129395	638.347595214844
4564.376953	637.460754394531
4565.625000	636.575439453125
4566.873047	635.691223144531
4568.120605	634.808166503906
4569.368652	633.926574707031
4570.616211	633.045959472656
4571.864258	632.166748046875
4573.111816	631.288696289063
4574.359863	630.412109375
4575.607422	629.536437988281
4576.855469	628.662292480469
4578.103516	627.789367675781
4579.351074	626.917663574219
4580.599121	626.047241210938
4581.846680	625.177978515625
4583.094727	624.31005859375
4584.342285	623.443420410156
4585.590332	622.578063964844
4586.838379	621.713989257813
4588.085938	620.85107421875
4589.333984	619.989562988281
4590.581543	619.129089355469
4591.829590	618.27001953125
4593.077148	617.412170410156
4594.325195	616.555603027344
4595.573242	615.700256347656
4596.820801	614.846069335938
4598.068848	613.993286132813
4599.316406	613.1416015625
4600.564453	612.291259765625
4601.812012	611.441955566406
4603.060059	610.59423828125
4604.308105	609.747680664063
4605.555664	608.902160644531
4606.803711	608.05810546875
4608.051270	607.215026855469
4609.299316	606.373413085938
4610.546875	605.532897949219
4611.794922	604.69384765625
4613.042969	603.856018066406
4614.290527	603.019226074219
4615.538574	602.183959960938
4616.786133	601.349731445313
4618.034180	600.516967773438
4619.281738	599.685241699219
4620.529785	598.855041503906
4621.777344	598.025939941406
4623.025391	597.198181152344
4624.273438	596.371765136719
4625.520996	595.546508789063
4626.769043	594.722595214844
4628.016602	593.899841308594
4629.264648	593.078430175781
4630.512207	592.258361816406
4631.760254	591.439514160156
4633.008301	590.622009277344
4634.255859	589.805603027344
4635.503906	588.990844726563
4636.751465	588.176940917969
4637.999512	587.364440917969
4639.247070	586.553161621094
4640.495117	585.743347167969
4641.743164	584.934692382813
4642.990723	584.127136230469
4644.238770	583.321044921875
4645.486328	582.515869140625
4646.734375	581.711975097656
4647.981934	580.909301757813
4649.229980	580.107971191406
4650.478027	579.307678222656
4651.725586	578.508422851563
4652.973633	577.710510253906
4654.221191	576.913635253906
4655.469238	576.118041992188
4656.716797	575.3232421875
4657.964844	574.529846191406
4659.212891	573.737609863281
4660.460449	572.946166992188
4661.708496	572.156005859375
4662.956055	571.366882324219
4664.204102	570.578796386719
4665.451660	569.791687011719
4666.699707	569.005798339844
4667.947266	568.220886230469
4669.195313	567.437072753906
4670.443359	566.654296875
4671.690918	565.872314453125
4672.938965	565.091796875
4674.186523	564.311889648438
4675.434570	563.533203125
4676.682129	562.755493164063
4677.930176	561.978942871094
4679.178223	561.203247070313
4680.425781	560.428466796875
4681.673828	559.654907226563
4682.921387	558.882080078125
4684.169434	558.110412597656
4685.416992	557.339599609375
4686.665039	556.569946289063
4687.913086	555.80126953125
4689.160645	555.033325195313
4690.408691	554.2666015625
4691.656250	553.500854492188
4692.904297	552.736083984375
4694.151855	551.97216796875
4695.399902	551.20947265625
4696.647949	550.447875976563
4697.895508	549.68701171875
4699.143555	548.927429199219
4700.391113	548.168762207031
4701.639160	547.411254882813
4702.886719	546.654663085938
4704.134766	545.899353027344
4705.382813	545.145141601563
4706.630371	544.391784667969
4707.878418	543.639709472656
4709.125977	542.888671875
4710.374023	542.138916015625
4711.621582	541.390014648438
4712.869629	540.642333984375
4714.117188	539.895812988281
4715.365234	539.150573730469
4716.613281	538.406494140625
4717.860840	537.663391113281
4719.108887	536.921752929688
4720.356445	536.181091308594
4721.604492	535.441711425781
4722.852051	534.703430175781
4724.100098	533.966735839844
4725.348145	533.231079101563
4726.595703	532.49658203125
4727.843750	531.763488769531
4729.091309	531.031616210938
4730.339355	530.301086425781
4731.586914	529.571655273438
4732.834961	528.84375
4734.083008	528.117248535156
4735.330566	527.391845703125
4736.578613	526.667907714844
4737.826172	525.9453125
4739.074219	525.223999023438
4740.321777	524.503967285156
4741.569824	523.785522460938
4742.817871	523.068542480469
4744.065430	522.352722167969
4745.313477	521.638488769531
4746.561035	520.925598144531
4747.809082	520.214416503906
4749.056641	519.504455566406
4750.304688	518.796142578125
4751.552246	518.089233398438
4752.800293	517.384155273438
4754.048340	516.680480957031
4755.295898	515.978332519531
4756.543945	515.278076171875
4757.791504	514.579162597656
4759.039551	513.882019042969
4760.287109	513.186462402344
4761.535156	512.492797851563
4762.783203	511.80078125
4764.030762	511.110321044922
4765.278809	510.421813964844
4766.526367	509.734893798828
4767.774414	509.0498046875
4769.021973	508.366394042969
4770.270020	507.684936523438
4771.518066	507.00537109375
4772.765625	506.327362060547
4774.013672	505.651336669922
4775.261230	504.977081298828
4776.509277	504.3046875
4777.756836	503.634063720703
4779.004883	502.965393066406
4780.252930	502.298736572266
4781.500488	501.633636474609
4782.748535	500.970581054688
4783.996094	500.309295654297
4785.244141	499.650115966797
4786.491699	498.992645263672
4787.739746	498.337219238281
4788.987793	497.683715820313
4790.235352	497.032104492188
4791.483398	496.382446289063
4792.730957	495.734710693359
4793.979004	495.089111328125
4795.226563	494.445190429688
4796.474609	493.803375244141
4797.722168	493.163452148438
4798.970215	492.525756835938
4800.218262	491.889923095703
4801.465820	491.255859375
4802.713867	490.6240234375
4803.961426	489.994049072266
4805.209473	489.366088867188
4806.457031	488.740020751953
4807.705078	488.116058349609
4808.953125	487.494079589844
4810.200684	486.873901367188
4811.448730	486.255767822266
4812.696289	485.639587402344
4813.944336	485.025329589844
4815.191895	484.412780761719
4816.439941	483.802398681641
4817.687988	483.193939208984
4818.935547	482.587097167969
4820.183594	481.982269287109
4821.431152	481.379180908203
4822.679199	480.778167724609
4823.926758	480.1787109375
4825.174805	479.581237792969
4826.422852	478.985565185547
4827.670410	478.391571044922
4828.918457	477.799407958984
4830.166016	477.208892822266
4831.414063	476.620330810547
4832.661621	476.033294677734
4833.909668	475.448120117188
4835.157715	474.864685058594
4836.405273	474.282806396484
4837.653320	473.702697753906
4838.900879	473.124114990234
4840.148926	472.54736328125
4841.396484	471.972137451172
4842.644531	471.398620605469
4843.892090	470.826568603516
4845.140137	470.256286621094
4846.388184	469.687652587891
4847.635742	469.120361328125
4848.883789	468.554748535156
4850.131348	467.990692138672
4851.379395	467.428100585938
4852.626953	466.866943359375
4853.875000	466.307434082031
4855.123047	465.749542236328
4856.370605	465.192840576172
4857.618652	464.637756347656
4858.866211	464.083984375
4860.114258	463.531829833984
4861.361816	462.980895996094
4862.609863	462.431488037109
4863.857910	461.883514404297
4865.105469	461.336853027344
4866.353516	460.791564941406
4867.601074	460.247497558594
4868.849121	459.705017089844
4870.096680	459.163543701172
4871.344727	458.623565673828
4872.592773	458.084899902344
4873.840332	457.547454833984
4875.088379	457.011260986328
4876.335938	456.476196289063
4877.583984	455.942504882813
4878.831543	455.409942626953
4880.079590	454.878662109375
4881.327637	454.348541259766
4882.575195	453.819519042969
4883.823242	453.291809082031
4885.070801	452.765014648438
4886.318848	452.239471435547
4887.566406	451.715026855469
4888.814453	451.191680908203
4890.062012	450.669250488281
4891.310059	450.148071289063
4892.558105	449.628021240234
4893.805664	449.108734130859
4895.053711	448.590637207031
4896.301270	448.073394775391
4897.549316	447.557373046875
4898.796875	447.042053222656
4900.044922	446.527862548828
4901.292969	446.014587402344
4902.540527	445.502166748047
4903.788574	444.99072265625
4905.036133	444.480041503906
4906.284180	443.970428466797
4907.531738	443.46142578125
4908.779785	442.953430175781
4910.027832	442.446258544922
4911.275391	441.939819335938
4912.523438	441.434234619141
4913.770996	440.929290771484
4915.019043	440.425231933594
4916.266602	439.921875
4917.514648	439.419281005859
4918.762695	438.917358398438
4920.010254	438.416076660156
4921.258301	437.915679931641
4922.505859	437.415649414063
4923.753906	436.916473388672
4925.001465	436.417907714844
4926.249512	435.919921875
4927.497559	435.422546386719
4928.745117	434.925628662109
4929.993164	434.429534912109
4931.240723	433.933715820313
4932.488770	433.438507080078
4933.736328	432.943756103516
4934.984375	432.449645996094
4936.231934	431.955810546875
4937.479980	431.462524414063
4938.728027	430.969757080078
4939.975586	430.477294921875
4941.223633	429.985321044922
4942.471191	429.49365234375
4943.719238	429.002563476563
4944.966797	428.511566162109
4946.214844	428.021057128906
4947.462891	427.530944824219
4948.710449	427.041076660156
4949.958496	426.551605224609
4951.206055	426.062286376953
4952.454102	425.573425292969
4953.701660	425.084716796875
4954.949707	424.596374511719
4956.197754	424.108367919922
4957.445313	423.620452880859
4958.693359	423.132934570313
4959.940918	422.645416259766
4961.188965	422.158325195313
4962.436523	421.67138671875
4963.684570	421.184631347656
4964.932617	420.698089599609
4966.180176	420.211608886719
4967.428223	419.725494384766
4968.675781	419.2392578125
4969.923828	418.753356933594
4971.171387	418.267486572266
4972.419434	417.781951904297
4973.667480	417.296417236328
4974.915039	416.810943603516
4976.163086	416.325744628906
4977.410645	415.840606689453
4978.658691	415.355682373047
4979.906250	414.870788574219
4981.154297	414.386199951172
4982.401855	413.901611328125
4983.649902	413.417297363281
4984.897949	412.933166503906
4986.145508	412.449096679688
4987.393555	411.96533203125
4988.641113	411.481658935547
4989.889160	410.998291015625
4991.136719	410.51513671875
4992.384766	410.032257080078
4993.632813	409.549591064453
4994.880371	409.067138671875
4996.128418	408.585052490234
4997.375977	408.103118896484
4998.624023	407.62158203125
4999.871582	407.140350341797
5001.119629	406.659484863281
5002.367676	406.178894042969
5003.615234	405.698608398438
5004.863281	405.218841552734
5006.110840	404.7392578125
5007.358887	404.260223388672
5008.606445	403.781463623047
5009.854492	403.303466796875
5011.102539	402.825714111328
5012.350098	402.348449707031
5013.598145	401.871795654297
5014.845703	401.395568847656
5016.093750	400.919982910156
5017.341309	400.444885253906
5018.589355	399.970550537109
5019.837402	399.496704101563
5021.084961	399.023345947266
5022.333008	398.550811767578
5023.580566	398.078765869141
5024.828613	397.607452392578
5026.076172	397.136688232422
5027.324219	396.666656494141
5028.571777	396.197326660156
5029.819824	395.728637695313
5031.067871	395.260681152344
5032.315430	394.793304443359
5033.563477	394.326904296875
5034.811035	393.860900878906
5036.059082	393.395782470703
5037.306641	392.931274414063
5038.554688	392.467529296875
5039.802734	392.004486083984
5041.050293	391.542083740234
5042.298340	391.080535888672
5043.545898	390.619567871094
5044.793945	390.159393310547
5046.041504	389.699798583984
5047.289551	389.241119384766
5048.537598	388.783142089844
5049.785156	388.325653076172
5051.033203	387.869079589844
5052.280762	387.413146972656
5053.528809	386.9580078125
5054.776367	386.503448486328
5056.024414	386.0498046875
5057.272461	385.596771240234
5058.520020	385.144378662109
5059.768066	384.692779541016
5061.015625	384.241821289063
5062.263672	383.791625976563
5063.511230	383.341949462891
5064.759277	382.89306640625
5066.007324	382.444976806641
5067.254883	381.997283935547
5068.502930	381.550384521484
5069.750488	381.103973388672
5070.998535	380.658386230469
5072.246094	380.213195800781
5073.494141	379.768737792969
5074.741699	379.324829101563
5075.989746	378.881500244141
5077.237793	378.438720703125
5078.485352	377.996459960938
5079.733398	377.554840087891
5080.980957	377.113586425781
5082.229004	376.672912597656
5083.476563	376.232727050781
5084.724609	375.793121337891
5085.972656	375.353973388672
5087.220215	374.915191650391
5088.468262	374.476959228516
5089.715820	374.039184570313
5090.963867	373.601837158203
5092.211426	373.164886474609
5093.459473	372.728485107422
5094.707520	372.292449951172
5095.955078	371.856719970703
5097.203125	371.421539306641
5098.450684	370.986663818359
5099.698730	370.552276611328
5100.946289	370.118103027344
5102.194336	369.684539794922
5103.442383	369.251312255859
5104.689941	368.818359375
5105.937988	368.385864257813
5107.185547	367.953674316406
5108.433594	367.52197265625
5109.681152	367.090484619141
5110.929199	366.659423828125
5112.177246	366.228820800781
5113.424805	365.79833984375
5114.672852	365.368255615234
5115.920410	364.938446044922
5117.168457	364.509155273438
5118.416016	364.079986572266
5119.664063	363.651245117188
5120.911621	363.222717285156
5122.159668	362.794677734375
5123.407715	362.366882324219
5124.655273	361.939270019531
5125.903320	361.512145996094
5127.150879	361.085235595703
5128.398926	360.65869140625
5129.646484	360.232360839844
5130.894531	359.806457519531
5132.142578	359.380798339844
5133.390137	358.955291748047
5134.638184	358.530212402344
5135.885742	358.105346679688
5137.133789	357.680816650391
5138.381348	357.256469726563
5139.629395	356.832489013672
5140.877441	356.408813476563
5142.125000	355.985290527344
5143.373047	355.562103271484
5144.620605	355.139068603516
5145.868652	354.716461181641
5147.116211	354.2939453125
5148.364258	353.871826171875
5149.612305	353.449981689453
5150.859863	353.028198242188
5152.107910	352.606872558594
5153.355469	352.185668945313
5154.603516	351.764862060547
5155.851074	351.344207763672
5157.099121	350.923950195313
5158.347168	350.503936767578
5159.594727	350.084259033203
5160.842773	349.664886474609
5162.090332	349.245788574219
5163.338379	348.827117919922
5164.585938	348.408752441406
5165.833984	347.990814208984
5167.081543	347.573120117188
5168.329590	347.155975341797
5169.577637	346.739135742188
5170.825195	346.322601318359
5172.073242	345.906555175781
5173.320801	345.490844726563
5174.568848	345.075622558594
5175.816406	344.66064453125
5177.064453	344.246185302734
5178.312500	343.832244873047
5179.560059	343.418518066406
5180.808105	343.005340576172
5182.055664	342.592468261719
5183.303711	342.180206298828
5184.551270	341.768188476563
5185.799316	341.356719970703
5187.047363	340.945739746094
5188.294922	340.535064697266
5189.542969	340.124938964844
5190.790527	339.715179443359
5192.038574	339.306060791016
5193.286133	338.897216796875
5194.534180	338.488952636719
5195.782227	338.081176757813
5197.029785	337.673828125
5198.277832	337.266998291016
5199.525391	336.860534667969
5200.773438	336.454742431641
5202.020996	336.049407958984
5203.269043	335.644561767578
5204.517090	335.240264892578
5205.764648	334.836517333984
5207.012695	334.433258056641
5208.260254	334.030517578125
5209.508301	333.62841796875
5210.755859	333.226837158203
5212.003906	332.825897216797
5213.251465	332.425476074219
5214.499512	332.025756835938
5215.747559	331.626739501953
5216.995117	331.228118896484
5218.243164	330.830291748047
5219.490723	330.433013916016
5220.738770	330.03662109375
5221.986328	329.640686035156
5223.234375	329.245574951172
5224.482422	328.851226806641
5225.729980	328.457427978516
5226.978027	328.064514160156
5228.225586	327.672210693359
5229.473633	327.280822753906
5230.721191	326.890075683594
5231.969238	326.500183105469
5233.217285	326.111145019531
5234.464844	325.722869873047
5235.712891	325.335418701172
5236.960449	324.948791503906
5238.208496	324.563079833984
5239.456055	324.17822265625
5240.704102	323.794219970703
5241.952148	323.411163330078
5243.199707	323.028930664063
5244.447754	322.647644042969
5245.695313	322.267181396484
5246.943359	321.887756347656
5248.190918	321.509216308594
5249.438965	321.131591796875
5250.687012	320.754943847656
5251.934570	320.379241943359
5253.182617	320.004577636719
5254.430176	319.630737304688
5255.678223	319.258026123047
5256.925781	318.886199951172
5258.173828	318.515441894531
5259.421387	318.145568847656
5260.669434	317.77685546875
5261.917480	317.409149169922
5263.165039	317.042358398438
5264.413086	316.676666259766
5265.660645	316.311950683594
5266.908691	315.948394775391
5268.156250	315.585754394531
5269.404297	315.224273681641
5270.652344	314.863830566406
5271.899902	314.50439453125
5273.147949	314.146057128906
5274.395508	313.788696289063
5275.643555	313.432464599609
5276.891113	313.077178955078
5278.139160	312.723022460938
5279.387207	312.369873046875
5280.634766	312.017761230469
5281.882813	311.666656494141
5283.130371	311.316528320313
5284.378418	310.967498779297
5285.625977	310.619476318359
5286.874023	310.272491455078
5288.122070	309.926513671875
5289.369629	309.58154296875
5290.617676	309.237701416016
5291.865234	308.894714355469
5293.113281	308.552825927734
5294.360840	308.211944580078
5295.608887	307.872192382813
5296.856445	307.533355712891
5298.104492	307.195648193359
5299.352539	306.859039306641
5300.600098	306.523284912109
5301.848145	306.188659667969
5303.095703	305.855072021484
5304.343750	305.522613525391
5305.591309	305.191040039063
5306.839355	304.860595703125
5308.087402	304.531188964844
5309.334961	304.202819824219
5310.583008	303.875518798828
5311.830566	303.549133300781
5313.078613	303.223907470703
5314.326172	302.899688720703
5315.574219	302.576477050781
5316.822266	302.254333496094
5318.069824	301.933197021484
5319.317871	301.613098144531
5320.565430	301.293914794922
5321.813477	300.975830078125
5323.061035	300.65869140625
5324.309082	300.342620849609
5325.557129	300.027496337891
5326.804688	299.713317871094
5328.052734	299.400207519531
5329.300293	299.087951660156
5330.548340	298.776733398438
5331.795898	298.466430664063
5333.043945	298.157135009766
5334.291992	297.848754882813
5335.539551	297.541229248047
5336.787598	297.234710693359
5338.035156	296.928985595703
5339.283203	296.624267578125
5340.530762	296.320281982422
5341.778809	296.017333984375
5343.026367	295.715179443359
5344.274414	295.413848876953
5345.522461	295.113494873047
5346.770020	294.813842773438
5348.018066	294.515106201172
5349.265625	294.217041015625
5350.513672	293.919921875
5351.761230	293.623565673828
5353.009277	293.328033447266
5354.257324	293.033294677734
5355.504883	292.739288330078
5356.752930	292.446075439453
5358.000488	292.153564453125
5359.248535	291.861938476563
5360.496094	291.570983886719
5361.744141	291.280822753906
5362.992188	290.991394042969
5364.239746	290.70263671875
5365.487793	290.414703369141
5366.735352	290.127380371094
5367.983398	289.8408203125
5369.230957	289.554840087891
5370.479004	289.269683837891
5371.727051	288.985107421875
5372.974609	288.701171875
5374.222656	288.417877197266
5375.470215	288.135101318359
5376.718262	287.852996826172
5377.965820	287.571380615234
5379.213867	287.290435791016
5380.461914	287.010009765625
5381.709473	286.730010986328
5382.957520	286.450653076172
5384.205078	286.171783447266
5385.453125	285.893371582031
5386.700684	285.615417480469
5387.948730	285.338012695313
5389.196289	285.06103515625
5390.444336	284.784515380859
5391.692383	284.508453369141
5392.939941	284.232788085938
5394.187988	283.957489013672
5395.435547	283.682556152344
5396.683594	283.408081054688
5397.931152	283.133941650391
5399.179199	282.860198974609
5400.427246	282.586730957031
5401.674805	282.313568115234
5402.922852	282.040863037109
5404.170410	281.768280029297
5405.418457	281.496063232422
5406.666016	281.224151611328
5407.914063	280.952606201172
5409.162109	280.681243896484
5410.409668	280.410095214844
5411.657715	280.139312744141
5412.905273	279.868591308594
5414.153320	279.598175048828
5415.400879	279.327911376953
5416.648926	279.057922363281
5417.896973	278.7880859375
5419.144531	278.518280029297
5420.392578	278.248748779297
5421.640137	277.979309082031
5422.888184	277.710021972656
5424.135742	277.440734863281
5425.383789	277.171661376953
5426.631836	276.902740478516
5427.879395	276.633697509766
5429.127441	276.364929199219
5430.375000	276.096160888672
5431.623047	275.827453613281
5432.870605	275.558715820313
5434.118652	275.290191650391
5435.366211	275.021636962891
5436.614258	274.753143310547
5437.862305	274.484649658203
5439.109863	274.216156005859
5440.357910	273.947784423828
5441.605469	273.679260253906
5442.853516	273.410827636719
5444.101074	273.142303466797
5445.349121	272.873840332031
5446.597168	272.605316162109
5447.844727	272.336730957031
5449.092773	272.068176269531
5450.340332	271.799499511719
5451.588379	271.530792236328
5452.835938	271.262084960938
5454.083984	270.993377685547
5455.332031	270.724578857422
5456.579590	270.455657958984
5457.827637	270.186798095703
5459.075195	269.917938232422
5460.323242	269.648986816406
5461.570801	269.380004882813
5462.818848	269.111083984375
5464.066895	268.842163085938
5465.314453	268.573181152344
5466.562500	268.304290771484
5467.810059	268.035369873047
5469.058105	267.766510009766
5470.305664	267.49755859375
5471.553711	267.228790283203
5472.801758	266.960052490234
5474.049316	266.691284179688
5475.297363	266.422576904297
5476.544922	266.153930664063
5477.792969	265.885467529297
5479.040527	265.616912841797
5480.288574	265.348510742188
5481.536133	265.080169677734
5482.784180	264.81201171875
5484.032227	264.5439453125
5485.279785	264.275939941406
5486.527832	264.008148193359
5487.775391	263.740386962891
5489.023438	263.472839355469
5490.270996	263.205413818359
5491.519043	262.938201904297
5492.767090	262.671112060547
5494.014648	262.404052734375
5495.262695	262.137329101563
5496.510254	261.870727539063
5497.758301	261.604278564453
5499.005859	261.337921142578
5500.253906	261.071838378906
5501.501953	260.805999755859
5502.749512	260.540191650391
5503.997559	260.274719238281
5505.245117	260.009368896484
5506.493164	259.744262695313
5507.740723	259.479248046875
5508.988770	259.214599609375
5510.236816	258.950164794922
5511.484375	258.685791015625
5512.732422	258.421722412109
5513.979980	258.157775878906
5515.228027	257.894195556641
5516.475586	257.630706787109
5517.723633	257.367492675781
5518.971680	257.104522705078
5520.219238	256.841735839844
5521.467285	256.579254150391
5522.714844	256.316925048828
5523.962891	256.054931640625
5525.210449	255.79313659668
5526.458496	255.531600952148
5527.706055	255.270309448242
5528.954102	255.009429931641
5530.202148	254.748748779297
5531.449707	254.488311767578
5532.697754	254.228179931641
5533.945313	253.968414306641
5535.193359	253.708938598633
5536.440918	253.449722290039
5537.688965	253.190948486328
5538.937012	252.932464599609
5540.184570	252.674255371094
5541.432617	252.416442871094
5542.680176	252.158966064453
5543.928223	251.901840209961
5545.175781	251.644989013672
5546.423828	251.388580322266
5547.671875	251.132598876953
5548.919434	250.876876831055
5550.167480	250.62158203125
5551.415039	250.366622924805
5552.663086	250.112167358398
5553.910645	249.857971191406
5555.158691	249.604248046875
5556.406738	249.350936889648
5557.654297	249.097991943359
5558.902344	248.845458984375
5560.149902	248.59326171875
5561.397949	248.341567993164
5562.645508	248.09016418457
5563.893555	247.83918762207
5565.141602	247.588638305664
5566.389160	247.338439941406
5567.637207	247.088638305664
5568.884766	246.839141845703
5570.132813	246.590103149414
5571.380371	246.341430664063
5572.628418	246.093124389648
5573.875977	245.845123291016
5575.124023	245.597549438477
5576.372070	245.350372314453
5577.619629	245.103439331055
5578.867676	244.856918334961
5580.115234	244.610717773438
5581.363281	244.364883422852
5582.610840	244.119323730469
5583.858887	243.874176025391
5585.106934	243.629379272461
5586.354492	243.384826660156
5587.602539	243.140655517578
5588.850098	242.896789550781
5590.098145	242.653350830078
5591.345703	242.41015625
5592.593750	242.167343139648
5593.841797	241.924850463867
5595.089355	241.682693481445
5596.337402	241.440856933594
5597.584961	241.199310302734
5598.833008	240.95817565918
5600.080566	240.717269897461
5601.328613	240.47673034668
5602.576660	240.236511230469
5603.824219	239.996566772461
5605.072266	239.756958007813
5606.319824	239.517608642578
5607.567871	239.278610229492
5608.815430	239.039916992188
5610.063477	238.801528930664
5611.311523	238.563430786133
5612.559082	238.325576782227
5613.807129	238.088119506836
5615.054688	237.850814819336
5616.302734	237.613861083984
5617.550293	237.377197265625
5618.798340	237.140808105469
5620.045898	236.904647827148
5621.293945	236.668838500977
5622.541992	236.433319091797
5623.789551	236.197998046875
5625.037598	235.962966918945
5626.285156	235.728164672852
5627.533203	235.493728637695
5628.780762	235.259429931641
5630.028809	235.025497436523
5631.276855	234.791793823242
5632.524414	234.558364868164
5633.772461	234.325210571289
5635.020020	234.092269897461
5636.268066	233.859710693359
5637.515625	233.627334594727
5638.763672	233.395309448242
5640.011719	233.163558959961
5641.259277	232.932098388672
5642.507324	232.700973510742
5643.754883	232.470092773438
5645.002930	232.239593505859
5646.250488	232.009399414063
5647.498535	231.779556274414
5648.746582	231.550064086914
5649.994141	231.320861816406
5651.242188	231.09211730957
5652.489746	230.86360168457
5653.737793	230.635543823242
5654.985352	230.407821655273
5656.233398	230.180465698242
5657.481445	229.953521728516
5658.729004	229.726913452148
5659.977051	229.50080871582
5661.224609	229.275024414063
5662.472656	229.049667358398
5663.720215	228.824722290039
5664.968262	228.600296020508
5666.215820	228.376159667969
5667.463867	228.152557373047
5668.711914	227.92936706543
5669.959473	227.706634521484
5671.207520	227.484329223633
5672.455078	227.262451171875
5673.703125	227.041122436523
5674.950684	226.820175170898
5676.198730	226.599746704102
5677.446777	226.379867553711
5678.694336	226.160430908203
5679.942383	225.941543579102
5681.189941	225.72314453125
5682.437988	225.505355834961
5683.685547	225.288116455078
5684.933594	225.071472167969
5686.181641	224.855438232422
5687.429199	224.639953613281
5688.677246	224.425216674805
5689.924805	224.210998535156
5691.172852	223.997543334961
5692.420410	223.784713745117
5693.668457	223.572555541992
5694.916504	223.361129760742
5696.164063	223.150360107422
5697.412109	222.940383911133
5698.659668	222.731048583984
5699.907715	222.522491455078
5701.155273	222.314636230469
5702.403320	222.107650756836
5703.651367	221.901382446289
5704.898926	221.695846557617
5706.146973	221.491134643555
5707.394531	221.287216186523
5708.642578	221.084075927734
5709.890137	220.881683349609
5711.138184	220.680191040039
5712.385742	220.479385375977
5713.633789	220.279418945313
5714.881836	220.080261230469
5716.129395	219.881896972656
5717.377441	219.684341430664
5718.625000	219.487533569336
5719.873047	219.291610717773
5721.120605	219.096466064453
5722.368652	218.902145385742
5723.616699	218.708679199219
5724.864258	218.515975952148
5726.112305	218.324203491211
5727.359863	218.133163452148
5728.607910	217.943023681641
5729.855469	217.753707885742
5731.103516	217.565216064453
5732.351563	217.377593994141
5733.599121	217.19075012207
5734.847168	217.004852294922
5736.094727	216.819732666016
5737.342773	216.635498046875
5738.590332	216.452072143555
5739.838379	216.269607543945
5741.086426	216.087921142578
5742.333984	215.907073974609
5743.582031	215.727096557617
5744.829590	215.547973632813
5746.077637	215.369689941406
5747.325195	215.192184448242
5748.573242	215.015563964844
5749.821289	214.839721679688
5751.068848	214.664627075195
5752.316895	214.490371704102
5753.564453	214.31689453125
5754.812500	214.144195556641
5756.060059	213.972229003906
5757.308105	213.801055908203
5758.555664	213.630615234375
5759.803711	213.460922241211
5761.051758	213.291976928711
5762.299316	213.123672485352
5763.547363	212.956207275391
5764.794922	212.789337158203
5766.042969	212.62321472168
5767.290527	212.457778930664
5768.538574	212.293060302734
5769.786621	212.128982543945
5771.034180	211.965530395508
5772.282227	211.802810668945
5773.529785	211.640670776367
5774.777832	211.479187011719
5776.025391	211.318252563477
5777.273438	211.158020019531
5778.521484	210.998321533203
5779.769043	210.839111328125
5781.017090	210.680541992188
5782.264648	210.522430419922
5783.512695	210.364883422852
5784.760254	210.207763671875
5786.008301	210.051208496094
5787.256348	209.895065307617
5788.503906	209.739318847656
5789.751953	209.584060668945
5790.999512	209.429168701172
5792.247559	209.274719238281
5793.495117	209.120544433594
5794.743164	208.966781616211
5795.990723	208.813339233398
5797.238770	208.660202026367
5798.486816	208.507354736328
5799.734375	208.354721069336
5800.982422	208.202453613281
5802.229980	208.050323486328
5803.478027	207.898452758789
5804.725586	207.746795654297
5805.973633	207.595321655273
5807.221680	207.44401550293
5808.469238	207.292831420898
5809.717285	207.141860961914
5810.964844	206.990936279297
5812.212891	206.840194702148
5813.460449	206.689514160156
5814.708496	206.539047241211
5815.956543	206.388626098633
5817.204102	206.238250732422
5818.452148	206.088027954102
5819.699707	205.937835693359
5820.947754	205.787719726563
5822.195313	205.637619018555
5823.443359	205.487655639648
5824.691406	205.337692260742
5825.938965	205.187698364258
5827.187012	205.037780761719
5828.434570	204.887847900391
5829.682617	204.737945556641
5830.930176	204.587966918945
5832.178223	204.438049316406
5833.426270	204.288101196289
5834.673828	204.138046264648
5835.921875	203.988021850586
5837.169434	203.837936401367
5838.417480	203.687850952148
5839.665039	203.537643432617
5840.913086	203.387435913086
5842.160645	203.237152099609
5843.408691	203.086822509766
5844.656738	202.936416625977
5845.904297	202.785903930664
5847.152344	202.635360717773
5848.399902	202.484634399414
5849.647949	202.333892822266
5850.895508	202.183013916016
5852.143555	202.032119750977
5853.391602	201.881072998047
5854.639160	201.729904174805
5855.887207	201.578689575195
5857.134766	201.427368164063
5858.382813	201.275970458984
5859.630371	201.124481201172
5860.878418	200.97297668457
5862.126465	200.821411132813
5863.374023	200.669708251953
5864.622070	200.518051147461
5865.869629	200.366348266602
5867.117676	200.214599609375
5868.365234	200.062774658203
5869.613281	199.911010742188
5870.861328	199.759262084961
5872.108887	199.607421875
5873.356934	199.455627441406
5874.604492	199.303802490234
5875.852539	199.152069091797
5877.100098	199.000259399414
5878.348145	198.848541259766
5879.596191	198.696868896484
5880.843750	198.545166015625
5882.091797	198.3935546875
5883.339355	198.241928100586
5884.587402	198.090438842773
5885.834961	197.938934326172
5887.083008	197.787521362305
5888.330566	197.636123657227
5889.578613	197.484893798828
5890.826660	197.33366394043
5892.074219	197.182525634766
5893.322266	197.031524658203
5894.569824	196.880569458008
5895.817871	196.729751586914
5897.065430	196.578964233398
5898.313477	196.428375244141
5899.561523	196.27783203125
5900.809082	196.127349853516
5902.057129	195.977035522461
5903.304688	195.826812744141
5904.552734	195.676742553711
5905.800293	195.526733398438
5907.048340	195.376953125
5908.296387	195.227325439453
5909.543945	195.077789306641
5910.791992	194.928451538086
5912.039551	194.779266357422
5913.287598	194.63037109375
5914.535156	194.481536865234
5915.783203	194.332977294922
5917.031250	194.184692382813
5918.278809	194.036499023438
5919.526855	193.888626098633
5920.774414	193.740921020508
5922.022461	193.593521118164
5923.270020	193.4462890625
5924.518066	193.299362182617
5925.766113	193.15266418457
5927.013672	193.006225585938
5928.261719	192.860015869141
5929.509277	192.714004516602
5930.757324	192.568298339844
5932.004883	192.422805786133
5933.252930	192.277572631836
5934.500488	192.132537841797
5935.748535	191.987838745117
5936.996582	191.843353271484
5938.244141	191.69905090332
5939.492188	191.555068969727
5940.739746	191.411315917969
5941.987793	191.267822265625
5943.235352	191.124557495117
5944.483398	190.98161315918
5945.731445	190.838943481445
5946.979004	190.696502685547
5948.227051	190.554351806641
5949.474609	190.412414550781
5950.722656	190.270874023438
5951.970215	190.129501342773
5953.218262	189.988479614258
5954.466309	189.847808837891
5955.713867	189.707336425781
5956.961914	189.567245483398
5958.209473	189.42741394043
5959.457520	189.288009643555
5960.705078	189.148849487305
5961.953125	189.010055541992
5963.201172	188.871643066406
5964.448730	188.733520507813
5965.696777	188.595794677734
5966.944336	188.458358764648
5968.192383	188.321319580078
5969.439941	188.184631347656
5970.687988	188.048309326172
5971.936035	187.912353515625
5973.183594	187.776748657227
5974.431641	187.641479492188
5975.679199	187.506546020508
5976.927246	187.371994018555
5978.174805	187.23779296875
5979.422852	187.103958129883
5980.670410	186.970474243164
5981.918457	186.837356567383
5983.166504	186.704650878906
5984.414063	186.572235107422
5985.662109	186.440216064453
5986.909668	186.308532714844
5988.157715	186.177307128906
5989.405273	186.046340942383
5990.653320	185.915832519531
5991.901367	185.785690307617
5993.148926	185.655853271484
5994.396973	185.526397705078
5995.644531	185.397277832031
5996.892578	185.268600463867
5998.140137	185.140151977539
5999.388184	185.012130737305
6000.636230	184.88444519043
6001.883789	184.757080078125
6003.131836	184.630111694336
6004.379395	184.50341796875
6005.627441	184.377105712891
6006.875000	184.251159667969
6008.123047	184.125564575195
6009.371094	184.000335693359
6010.618652	183.875457763672
6011.866699	183.750915527344
6013.114258	183.626693725586
6014.362305	183.502883911133
6015.609863	183.379409790039
6016.857910	183.256256103516
6018.105957	183.133453369141
6019.353516	183.010955810547
6020.601563	182.888870239258
6021.849121	182.766998291016
6023.097168	182.6455078125
6024.344727	182.524276733398
6025.592773	182.403472900391
6026.840332	182.282867431641
6028.088379	182.162643432617
6029.336426	182.042739868164
6030.583984	181.923065185547
6031.832031	181.803680419922
6033.079590	181.684600830078
6034.327637	181.565826416016
6035.575195	181.447265625
6036.823242	181.328979492188
6038.071289	181.210983276367
6039.318848	181.093185424805
6040.566895	180.975646972656
6041.814453	180.858261108398
6043.062500	180.741134643555
6044.310059	180.624176025391
6045.558105	180.507415771484
6046.806152	180.390853881836
6048.053711	180.2744140625
6049.301758	180.158142089844
6050.549316	180.0419921875
6051.797363	179.926025390625
6053.044922	179.810180664063
6054.292969	179.694473266602
6055.541016	179.578903198242
6056.788574	179.463409423828
6058.036621	179.348083496094
6059.284180	179.232788085938
6060.532227	179.117630004883
6061.779785	179.002517700195
6063.027832	178.887542724609
6064.275879	178.772598266602
6065.523438	178.657684326172
6066.771484	178.542877197266
6068.019043	178.42805480957
6069.267090	178.313232421875
6070.514648	178.198425292969
6071.762695	178.08366394043
6073.010254	177.968795776367
6074.258301	177.853942871094
6075.506348	177.739074707031
6076.753906	177.624145507813
6078.001953	177.509170532227
6079.249512	177.394134521484
6080.497559	177.279067993164
6081.745117	177.163955688477
6082.993164	177.048767089844
6084.241211	176.933563232422
6085.488770	176.818267822266
6086.736816	176.702941894531
6087.984375	176.587509155273
6089.232422	176.472061157227
6090.479980	176.356552124023
6091.728027	176.241012573242
6092.976074	176.125411987305
6094.223633	176.009735107422
6095.471680	175.894058227539
6096.719238	175.778305053711
6097.967285	175.662506103516
6099.214844	175.546661376953
6100.462891	175.43083190918
6101.710938	175.314956665039
6102.958496	175.199005126953
6104.206543	175.083084106445
6105.454102	174.967041015625
6106.702148	174.851013183594
6107.949707	174.734924316406
6109.197754	174.618850708008
6110.445801	174.502746582031
6111.693359	174.386566162109
6112.941406	174.270355224609
6114.188965	174.154159545898
6115.437012	174.037933349609
6116.684570	173.921646118164
6117.932617	173.805404663086
6119.180176	173.68913269043
6120.428223	173.572891235352
6121.676270	173.456665039063
6122.923828	173.340438842773
6124.171875	173.224227905273
6125.419434	173.108001708984
6126.667480	172.991882324219
6127.915039	172.875762939453
6129.163086	172.759719848633
6130.411133	172.643753051758
6131.658691	172.527786254883
6132.906738	172.412002563477
6134.154297	172.296188354492
6135.402344	172.180541992188
6136.649902	172.06494140625
6137.897949	171.949508666992
6139.145996	171.83415222168
6140.393555	171.718872070313
6141.641602	171.603729248047
6142.889160	171.488677978516
6144.137207	171.373748779297
6145.384766	171.258911132813
6146.632813	171.144241333008
6147.880859	171.02961730957
6149.128418	170.915084838867
6150.376465	170.800720214844
6151.624023	170.686431884766
6152.872070	170.572265625
6154.119629	170.458160400391
6155.367676	170.344192504883
6156.615723	170.230361938477
6157.863281	170.116561889648
6159.111328	170.002883911133
6160.358887	169.889266967773
6161.606934	169.775726318359
6162.854492	169.662185668945
6164.102539	169.548767089844
6165.350098	169.435348510742
6166.598145	169.321960449219
6167.846191	169.208602905273
6169.093750	169.095199584961
6170.341797	168.981887817383
6171.589355	168.86848449707
6172.837402	168.755065917969
6174.084961	168.641586303711
6175.333008	168.528137207031
6176.581055	168.414611816406
6177.828613	168.300964355469
6179.076660	168.18733215332
6180.324219	168.073532104492
6181.572266	167.959686279297
6182.819824	167.845703125
6184.067871	167.731689453125
6185.315918	167.617553710938
6186.563477	167.503265380859
6187.811523	167.388931274414
6189.059082	167.274475097656
6190.307129	167.159942626953
6191.554688	167.045272827148
6192.802734	166.930572509766
6194.050781	166.815826416016
6195.298340	166.700942993164
6196.546387	166.586029052734
6197.793945	166.471038818359
6199.041992	166.356002807617
6200.289551	166.24089050293
6201.537598	166.125793457031
6202.785645	166.010681152344
6204.033203	165.895477294922
6205.281250	165.780303955078
6206.528809	165.665069580078
6207.776855	165.549911499023
6209.024414	165.434722900391
6210.272461	165.319580078125
6211.520020	165.204467773438
6212.768066	165.089447021484
6214.016113	164.974472045898
6215.263672	164.85954284668
6216.511719	164.744781494141
6217.759277	164.630035400391
6219.007324	164.51545715332
6220.254883	164.401000976563
6221.502930	164.286743164063
6222.750977	164.172653198242
6223.998535	164.058700561523
6225.246582	163.94499206543
6226.494141	163.831512451172
6227.742188	163.71826171875
6228.989746	163.605224609375
6230.237793	163.49250793457
6231.485840	163.380065917969
6232.733398	163.267837524414
6233.981445	163.155960083008
6235.229004	163.044387817383
6236.477051	162.933120727539
6237.724609	162.822158813477
6238.972656	162.71159362793
6240.220703	162.601409912109
6241.468262	162.491500854492
6242.716309	162.382049560547
6243.963867	162.272933959961
6245.211914	162.164291381836
6246.459473	162.056015014648
6247.707520	161.948226928711
6248.955078	161.840850830078
6250.203125	161.734008789063
6251.451172	161.627624511719
6252.698730	161.521667480469
6253.946777	161.416320800781
6255.194336	161.311386108398
6256.442383	161.207015991211
6257.689941	161.103179931641
6258.937988	160.999969482422
6260.186035	160.89729309082
6261.433594	160.795135498047
6262.681641	160.693664550781
6263.929199	160.5927734375
6265.177246	160.492492675781
6266.424805	160.392807006836
6267.672852	160.293807983398
6268.920898	160.19548034668
6270.168457	160.097732543945
6271.416504	160.000701904297
6272.664063	159.904312133789
6273.912109	159.808609008789
6275.159668	159.71354675293
6276.407715	159.619232177734
6277.655762	159.525604248047
6278.903320	159.432632446289
6280.151367	159.340377807617
6281.398926	159.248779296875
6282.646973	159.157928466797
6283.894531	159.067657470703
6285.142578	158.978088378906
6286.390625	158.889175415039
6287.638184	158.800888061523
6288.886230	158.713226318359
6290.133789	158.626159667969
6291.381836	158.539764404297
6292.629395	158.453857421875
6293.877441	158.368576049805
6295.125000	158.283813476563
6296.373047	158.199615478516
6297.621094	158.115921020508
6298.868652	158.032669067383
6300.116699	157.949935913086
6301.364258	157.867645263672
6302.612305	157.78581237793
6303.859863	157.704360961914
6305.107910	157.623352050781
6306.355957	157.542770385742
6307.603516	157.462478637695
6308.851563	157.382598876953
6310.099121	157.303039550781
6311.347168	157.22380065918
6312.594727	157.144836425781
6313.842773	157.066192626953
6315.090820	156.987854003906
6316.338379	156.909713745117
6317.586426	156.83186340332
6318.833984	156.75422668457
6320.082031	156.676849365234
6321.329590	156.599624633789
6322.577637	156.522613525391
6323.825684	156.445785522461
6325.073242	156.369110107422
6326.321289	156.292587280273
6327.568848	156.216171264648
6328.816895	156.139907836914
6330.064453	156.063674926758
6331.312500	155.987548828125
6332.560547	155.911499023438
6333.808105	155.835464477539
6335.056152	155.759475708008
6336.303711	155.68342590332
6337.551758	155.607406616211
6338.799316	155.531356811523
6340.047363	155.45524597168
6341.294922	155.379043579102
6342.542969	155.302795410156
6343.791016	155.226470947266
6345.038574	155.149917602539
6346.286621	155.073287963867
6347.534180	154.996444702148
6348.782227	154.919403076172
6350.029785	154.842086791992
6351.277832	154.764556884766
6352.525879	154.686767578125
6353.773438	154.608596801758
6355.021484	154.530120849609
6356.269043	154.451263427734
6357.517090	154.3720703125
6358.764648	154.292419433594
6360.012695	154.212341308594
6361.260742	154.1318359375
6362.508301	154.050842285156
6363.756348	153.969360351563
6365.003906	153.887329101563
6366.251953	153.80485534668
6367.499512	153.721755981445
6368.747559	153.638168334961
6369.995605	153.554016113281
6371.243164	153.469253540039
6372.491211	153.383926391602
6373.738770	153.297943115234
6374.986816	153.211380004883
6376.234375	153.124145507813
6377.482422	153.036270141602
6378.730469	152.947677612305
6379.978027	152.858367919922
6381.226074	152.768402099609
6382.473633	152.677612304688
6383.721680	152.586120605469
6384.969238	152.493850708008
6386.217285	152.400802612305
6387.464844	152.306930541992
6388.712891	152.212295532227
6389.960938	152.116851806641
6391.208496	152.020538330078
6392.456543	151.923400878906
6393.704102	151.825408935547
6394.952148	151.726608276367
6396.199707	151.626861572266
6397.447754	151.526275634766
6398.695801	151.424789428711
6399.943359	151.322387695313
6401.191406	151.219085693359
6402.438965	151.114852905273
6403.687012	151.009735107422
6404.934570	150.903625488281
6406.182617	150.796600341797
6407.430664	150.68864440918
6408.678223	150.579711914063
6409.926270	150.469787597656
6411.173828	150.358871459961
6412.421875	150.247024536133
6413.669434	150.134170532227
6414.917480	150.02033996582
6416.165527	149.905502319336
6417.413086	149.789672851563
6418.661133	149.672866821289
6419.908691	149.554992675781
6421.156738	149.436126708984
6422.404297	149.316268920898
6423.652344	149.195373535156
6424.900391	149.073471069336
6426.147949	148.950546264648
6427.395996	148.826644897461
6428.643555	148.701690673828
6429.891602	148.575775146484
6431.139160	148.448791503906
6432.387207	148.320892333984
6433.634766	148.191925048828
6434.882813	148.061981201172
6436.130859	147.931060791016
6437.378418	147.799133300781
6438.626465	147.666213989258
6439.874023	147.532318115234
6441.122070	147.397491455078
6442.369629	147.261627197266
6443.617676	147.12483215332
6444.865723	146.987121582031
6446.113281	146.848480224609
6447.361328	146.708892822266
6448.608887	146.568359375
6449.856934	146.426986694336
6451.104492	146.284698486328
6452.352539	146.141555786133
6453.600586	145.997543334961
6454.848145	145.852661132813
6456.096191	145.707000732422
6457.343750	145.560470581055
6458.591797	145.413192749023
6459.839355	145.265075683594
6461.087402	145.1162109375
6462.335449	144.966583251953
6463.583008	144.816207885742
6464.831055	144.665161132813
6466.078613	144.513366699219
6467.326660	144.360916137695
6468.574219	144.207809448242
6469.822266	144.054122924805
6471.070313	143.899780273438
6472.317871	143.744873046875
6473.565918	143.589447021484
6474.813477	143.433486938477
6476.061523	143.277038574219
6477.309082	143.120071411133
6478.557129	142.962753295898
6479.804688	142.804946899414
6481.052734	142.646820068359
6482.300781	142.488327026367
6483.548340	142.329544067383
6484.796387	142.170455932617
6486.043945	142.011123657227
6487.291992	141.851638793945
6488.539551	141.691970825195
6489.787598	141.532165527344
6491.035645	141.372268676758
6492.283203	141.212295532227
6493.531250	141.052398681641
6494.778809	140.892486572266
6496.026855	140.732711791992
6497.274414	140.57307434082
6498.522461	140.413635253906
6499.770508	140.254455566406
6501.018066	140.09553527832
6502.266113	139.93701171875
6503.513672	139.778823852539
6504.761719	139.621124267578
6506.009277	139.463897705078
6507.257324	139.30729675293
6508.505371	139.151290893555
6509.752930	138.995941162109
6511.000977	138.841384887695
6512.248535	138.687606811523
6513.496582	138.534729003906
6514.744141	138.382781982422
6515.992188	138.231887817383
6517.240234	138.082077026367
6518.487793	137.933410644531
6519.735840	137.786010742188
6520.983398	137.639923095703
6522.231445	137.495239257813
6523.479004	137.352020263672
6524.727051	137.210403442383
6525.974609	137.070404052734
6527.222656	136.932144165039
6528.470703	136.795684814453
6529.718262	136.661102294922
6530.966309	136.528533935547
6532.213867	136.39794921875
6533.461914	136.269515991211
6534.709473	136.143310546875
6535.957520	136.019409179688
6537.205566	135.897872924805
6538.453125	135.778747558594
6539.701172	135.66227722168
6540.948730	135.548370361328
6542.196777	135.437225341797
6543.444336	135.328842163086
6544.692383	135.223388671875
6545.940430	135.120880126953
6547.187988	135.021423339844
6548.436035	134.925094604492
6549.683594	134.831970214844
6550.931641	134.742095947266
6552.179199	134.655563354492
6553.427246	134.572479248047
6554.675293	134.492828369141
6555.922852	134.416702270508
6557.170898	134.344207763672
6558.418457	134.275344848633
6559.666504	134.210159301758
6560.914063	134.148712158203
6562.162109	134.091049194336
6563.410156	134.037155151367
6564.657715	133.987014770508
6565.905762	133.940704345703
6567.153320	133.898101806641
6568.401367	133.859283447266
6569.648926	133.824142456055
6570.896973	133.792678833008
6572.144531	133.76481628418
6573.392578	133.740524291992
6574.640625	133.719711303711
6575.888184	133.702301025391
6577.136230	133.688339233398
6578.383789	133.677581787109
6579.631836	133.670074462891
6580.879395	133.66569519043
6582.127441	133.664413452148
6583.375488	133.666076660156
6584.623047	133.670623779297
6585.871094	133.678024291992
6587.118652	133.68815612793
6588.366699	133.700927734375
6589.614258	133.716262817383
6590.862305	133.734100341797
6592.110352	133.754318237305
6593.357910	133.776809692383
6594.605957	133.801559448242
6595.853516	133.828384399414
6597.101563	133.857299804688
6598.349121	133.888107299805
6599.597168	133.920852661133
6600.845215	133.95539855957
6602.092773	133.991561889648
6603.340820	134.029373168945
6604.588379	134.068695068359
6605.836426	134.109497070313
6607.083984	134.151611328125
6608.332031	134.195037841797
6609.580078	134.239685058594
6610.827637	134.285400390625
6612.075684	134.332214355469
6613.323242	134.379974365234
6614.571289	134.428726196289
6615.818848	134.478256225586
6617.066895	134.528579711914
6618.314453	134.579605102539
6619.562500	134.631286621094
6620.810547	134.683547973633
6622.058105	134.736282348633
6623.306152	134.789489746094
6624.553711	134.843078613281
6625.801758	134.897003173828
6627.049316	134.951141357422
6628.297363	135.005554199219
6629.545410	135.060043334961
6630.792969	135.114624023438
6632.041016	135.16926574707
6633.288574	135.223846435547
6634.536621	135.278381347656
6635.784180	135.332748413086
6637.032227	135.386962890625
6638.280273	135.440963745117
6639.527832	135.494644165039
6640.775879	135.548004150391
6642.023438	135.600982666016
6643.271484	135.653579711914
6644.519043	135.705627441406
6645.767090	135.757202148438
6647.015137	135.808212280273
6648.262695	135.858581542969
6649.510742	135.908309936523
6650.758301	135.957305908203
6652.006348	136.005599975586
6653.253906	136.05305480957
6654.501953	136.099685668945
6655.750000	136.145462036133
6656.997559	136.190277099609
6658.245605	136.234176635742
6659.493164	136.27702331543
6660.741211	136.318893432617
6661.988770	136.359680175781
6663.236816	136.399368286133
6664.484375	136.437896728516
6665.732422	136.475311279297
6666.980469	136.511535644531
6668.228027	136.546524047852
6669.476074	136.580276489258
6670.723633	136.612777709961
6671.971680	136.643981933594
6673.219238	136.673828125
6674.467285	136.702362060547
6675.715332	136.729553222656
6676.962891	136.755264282227
6678.210938	136.779602050781
6679.458496	136.802444458008
6680.706543	136.82389831543
6681.954102	136.843780517578
6683.202148	136.862228393555
6684.450195	136.879150390625
6685.697754	136.894500732422
6686.945801	136.908309936523
6688.193359	136.920516967773
6689.441406	136.931228637695
6690.688965	136.94026184082
6691.937012	136.947738647461
6693.185059	136.953567504883
6694.432617	136.957794189453
6695.680664	136.960388183594
6696.928223	136.961303710938
6698.176270	136.960601806641
6699.423828	136.958221435547
6700.671875	136.954193115234
6701.919922	136.948440551758
6703.167480	136.940994262695
6704.415527	136.931838989258
6705.663086	136.920928955078
6706.911133	136.908340454102
6708.158691	136.893981933594
6709.406738	136.877883911133
6710.654297	136.860000610352
6711.902344	136.840408325195
6713.150391	136.819046020508
6714.397949	136.795837402344
6715.645996	136.770904541016
6716.893555	136.744155883789
6718.141602	136.715637207031
6719.389160	136.685256958008
6720.637207	136.653106689453
6721.885254	136.619155883789
6723.132813	136.583297729492
6724.380859	136.545623779297
6725.628418	136.506088256836
6726.876465	136.464721679688
6728.124023	136.421478271484
6729.372070	136.376373291016
6730.620117	136.32942199707
6731.867676	136.280624389648
6733.115723	136.229934692383
6734.363281	136.177383422852
6735.611328	136.122970581055
6736.858887	136.066711425781
6738.106934	136.008575439453
6739.354980	135.948593139648
6740.602539	135.886734008789
6741.850586	135.823028564453
6743.098145	135.757461547852
6744.346191	135.690078735352
6745.593750	135.620880126953
6746.841797	135.549819946289
6748.089844	135.476974487305
6749.337402	135.402297973633
6750.585449	135.325881958008
6751.833008	135.247634887695
6753.081055	135.16764831543
6754.328613	135.085861206055
6755.576660	135.002365112305
6756.824219	134.917083740234
6758.072266	134.830093383789
6759.320313	134.741394042969
6760.567871	134.650955200195
6761.815918	134.558837890625
6763.063477	134.46501159668
6764.311523	134.369567871094
6765.559082	134.2724609375
6766.807129	134.173736572266
6768.055176	134.07341003418
6769.302734	133.97151184082
6770.550781	133.868057250977
6771.798340	133.763031005859
6773.046387	133.656509399414
6774.293945	133.54850769043
6775.541992	133.438995361328
6776.790039	133.328063964844
6778.037598	133.215698242188
6779.285645	133.101928710938
6780.533203	132.986709594727
6781.781250	132.870178222656
6783.028809	132.752288818359
6784.276855	132.633071899414
6785.524902	132.51252746582
6786.772461	132.390716552734
6788.020508	132.267669677734
6789.268066	132.143341064453
6790.516113	132.017807006836
6791.763672	131.891098022461
6793.011719	131.763259887695
6794.259277	131.634231567383
6795.507324	131.504119873047
6796.755371	131.372955322266
6798.002930	131.240692138672
6799.250977	131.107406616211
6800.498535	130.973098754883
6801.746582	130.837890625
6802.994141	130.70166015625
6804.242188	130.564575195313
6805.490234	130.426605224609
6806.737793	130.287796020508
6807.985840	130.148162841797
6809.233398	130.007705688477
6810.481445	129.866546630859
6811.729004	129.724639892578
6812.977051	129.58203125
6814.225098	129.438781738281
6815.472656	129.294860839844
6816.720703	129.150314331055
6817.968262	129.005187988281
6819.216309	128.859527587891
6820.463867	128.713317871094
6821.711914	128.566619873047
6822.959961	128.41943359375
6824.207520	128.27180480957
6825.455566	128.123779296875
6826.703125	127.975364685059
6827.951172	127.826606750488
6829.198730	127.677551269531
6830.446777	127.528266906738
6831.694824	127.378700256348
6832.942383	127.228935241699
6834.190430	127.079071044922
6835.437988	126.929023742676
6836.686035	126.778930664063
6837.933594	126.628791809082
6839.181641	126.478706359863
6840.429199	126.328636169434
6841.677246	126.178672790527
6842.925293	126.028839111328
6844.172852	125.879165649414
6845.420898	125.729736328125
6846.668457	125.580535888672
6847.916504	125.431671142578
6849.164063	125.283149719238
6850.412109	125.134994506836
6851.660156	124.987297058105
6852.907715	124.840065002441
6854.155762	124.693374633789
6855.403320	124.547241210938
6856.651367	124.401763916016
6857.898926	124.256988525391
6859.146973	124.11296081543
6860.395020	123.969734191895
6861.642578	123.827369689941
6862.890625	123.685958862305
6864.138184	123.545463562012
6865.386230	123.406066894531
6866.633789	123.267738342285
6867.881836	123.130630493164
6869.129883	122.994766235352
6870.377441	122.86018371582
6871.625488	122.727020263672
6872.873047	122.595268249512
6874.121094	122.465072631836
6875.368652	122.33642578125
6876.616699	122.209503173828
6877.864746	122.084251403809
6879.112305	121.960731506348
6880.360352	121.839050292969
6881.607910	121.719215393066
6882.855957	121.601264953613
6884.103516	121.485214233398
6885.351563	121.371101379395
6886.599121	121.258949279785
6887.847168	121.148750305176
6889.095215	121.040550231934
6890.342773	120.934295654297
6891.590820	120.830055236816
6892.838379	120.727752685547
6894.086426	120.627494812012
6895.333984	120.529220581055
6896.582031	120.432929992676
6897.830078	120.338645935059
6899.077637	120.246337890625
6900.325684	120.156066894531
6901.573242	120.067726135254
6902.821289	119.981369018555
6904.068848	119.896934509277
6905.316895	119.814468383789
6906.564941	119.733879089355
6907.812500	119.655136108398
6909.060547	119.578285217285
6910.308105	119.503211975098
6911.556152	119.429954528809
6912.803711	119.358421325684
6914.051758	119.288703918457
6915.299805	119.220626831055
6916.547363	119.15421295166
6917.795410	119.089469909668
6919.042969	119.026329040527
6920.291016	118.96475982666
6921.538574	118.90470123291
6922.786621	118.846153259277
6924.034668	118.789093017578
6925.282227	118.733444213867
6926.530273	118.679222106934
6927.777832	118.626342773438
6929.025879	118.574798583984
6930.273438	118.524520874023
6931.521484	118.475509643555
6932.769043	118.427726745605
6934.017090	118.381134033203
6935.265137	118.33568572998
6936.512695	118.291343688965
6937.760742	118.248115539551
6939.008301	118.205917358398
6940.256348	118.164764404297
6941.503906	118.12459564209
6942.751953	118.085456848145
6944.000000	118.047225952148
6945.247559	118.009925842285
6946.495605	117.97354888916
6947.743164	117.93798828125
6948.991211	117.903305053711
6950.238770	117.869422912598
6951.486816	117.836357116699
6952.734863	117.804039001465
6953.982422	117.772430419922
6955.230469	117.741554260254
6956.478027	117.71134185791
6957.726074	117.681793212891
6958.973633	117.652862548828
6960.221680	117.624542236328
6961.469727	117.596809387207
6962.717285	117.569602966309
6963.965332	117.542930603027
6965.212891	117.516746520996
6966.460938	117.491035461426
6967.708496	117.465705871582
6968.956543	117.440826416016
6970.204590	117.416328430176
6971.452148	117.392135620117
6972.700195	117.368263244629
6973.947754	117.344657897949
6975.195801	117.321380615234
6976.443359	117.298286437988
6977.691406	117.275444030762
6978.938965	117.252769470215
6980.187012	117.230323791504
6981.435059	117.208000183105
6982.682617	117.185791015625
6983.930664	117.16374206543
6985.178223	117.141738891602
6986.426270	117.119827270508
6987.673828	117.097953796387
6988.921875	117.076179504395
6990.169922	117.054420471191
6991.417480	117.032676696777
6992.665527	117.010971069336
6993.913086	116.989273071289
6995.161133	116.967590332031
6996.408691	116.945854187012
